#JD Flux Flux_err
2458325.3286 1.0003318 0.00045
2458325.3494 0.99987710 0.00045
2458325.3702 0.99971960 0.00045
2458325.3911 0.99998686 0.00045
2458325.4119 0.99976340 0.00045
2458325.4327 0.99988486 0.00045
2458325.4536 1.0003640 0.00045
2458325.4744 0.99992395 0.00045
2458325.4952 1.0001547 0.00045
2458325.5161 1.0004041 0.00045
2458325.5369 0.99994671 0.00045
2458325.5577 0.99976063 0.00045
2458325.5786 0.99978644 0.00045
2458325.5994 0.99996977 0.00045
2458325.6203 0.99978461 0.00045
2458325.6411 1.0002866 0.00045
2458325.6619 0.99996912 0.00045
2458325.6828 1.0004343 0.00045
2458325.7036 0.99962326 0.00045
2458325.7244 1.0001281 0.00045
2458325.7453 0.99965048 0.00045
2458325.7661 1.0000889 0.00045
2458325.7869 0.99968030 0.00045
2458325.8078 1.0005922 0.00045
2458325.8286 1.0003343 0.00045
2458325.8494 0.99974583 0.00045
2458325.8703 0.99992243 0.00045
2458325.8911 0.99946617 0.00045
2458325.9119 1.0001655 0.00045
2458325.9328 1.0005481 0.00045
2458325.9536 0.99978793 0.00045
2458325.9744 1.0003453 0.00045
2458325.9953 0.99950197 0.00045
2458326.0161 1.0002483 0.00045
2458326.0369 1.0001917 0.00045
2458326.0578 1.0002573 0.00045
2458326.0786 0.99989622 0.00045
2458326.0994 0.99969122 0.00045
2458326.1203 0.99961581 0.00045
2458326.1411 0.99952777 0.00045
2458326.1619 1.0002600 0.00045
2458326.1828 1.0000095 0.00045
2458326.2036 1.0002722 0.00045
2458326.2244 1.0003545 0.00045
2458326.2453 1.0002021 0.00045
2458326.2661 0.99938891 0.00045
2458326.2869 1.0000591 0.00045
2458326.3078 1.0000241 0.00045
2458326.3286 0.99977841 0.00045
2458326.3494 0.99997607 0.00045
2458326.3703 0.99988001 0.00045
2458326.3911 0.99919457 0.00045
2458326.4119 1.0010271 0.00045
2458326.4328 1.0003527 0.00045
2458326.4536 1.0005498 0.00045
2458326.4744 0.99957370 0.00045
2458326.4953 0.99998628 0.00045
2458326.5161 0.99972709 0.00045
2458326.5369 0.99924859 0.00045
2458326.5578 1.0006086 0.00045
2458326.5786 1.0004721 0.00045
2458326.5994 1.0004316 0.00045
2458326.6203 0.99948079 0.00045
2458326.6411 0.99973781 0.00045
2458326.6619 1.0000255 0.00045
2458326.6828 0.99981890 0.00045
2458326.7036 1.0002737 0.00045
2458326.7244 1.0002870 0.00045
2458326.7453 0.99978308 0.00045
2458326.7661 0.99991000 0.00045
2458326.7869 1.0005887 0.00045
2458326.8078 1.0002187 0.00045
2458326.8286 0.99878093 0.00045
2458326.8494 0.99771046 0.00045
2458326.8703 0.99646308 0.00045
2458326.8911 0.99624917 0.00045
2458326.9119 0.99720552 0.00045
2458326.9328 0.99620567 0.00045
2458326.9536 0.99638017 0.00045
2458326.9744 0.99691543 0.00045
2458326.9953 0.99644132 0.00045
2458327.0161 0.99941199 0.00045
2458327.0369 0.99953288 0.00045
2458327.0578 1.0005824 0.00045
2458327.0786 1.0002187 0.00045
2458327.0994 1.0005446 0.00045
2458327.1203 0.99952433 0.00045
2458327.1411 1.0009331 0.00045
2458327.1619 0.99904610 0.00045
2458327.1828 1.0002594 0.00045
2458327.2036 1.0003896 0.00045
2458327.2244 0.99972796 0.00045
2458327.2453 0.99955807 0.00045
2458327.2661 1.0004979 0.00045
2458327.2869 0.99941420 0.00045
2458327.3078 0.99971134 0.00045
2458327.3286 0.99992848 0.00045
2458327.3494 1.0004052 0.00045
2458327.3703 1.0009031 0.00045
2458327.3911 1.0005849 0.00045
2458327.4119 0.99961220 0.00045
2458327.4328 1.0001635 0.00045
2458327.4536 1.0006557 0.00045
2458327.4744 0.99940297 0.00045
2458327.4953 0.99971612 0.00045
2458327.5161 0.99979971 0.00045
2458327.5369 1.0002600 0.00045
2458327.5578 0.99884260 0.00045
2458327.5786 0.99959709 0.00045
2458327.5994 0.99958285 0.00045
2458327.6203 1.0006924 0.00045
2458327.6411 0.99974023 0.00045
2458327.6620 1.0003166 0.00045
2458327.6828 0.99962982 0.00045
2458327.7036 1.0000609 0.00045
2458327.7245 1.0004752 0.00045
2458327.7453 1.0009357 0.00045
2458327.7661 1.0001369 0.00045
2458327.7870 1.0004093 0.00045
2458327.8078 0.99988338 0.00045
2458327.8286 0.99986873 0.00045
2458327.8703 0.99916979 0.00045
2458327.8911 1.0007456 0.00045
2458327.9120 1.0000784 0.00045
2458327.9328 0.99905435 0.00045
2458327.9536 1.0006592 0.00045
2458327.9745 0.99999206 0.00045
2458327.9953 0.99893802 0.00045
2458328.0161 1.0002947 0.00045
2458328.0370 1.0003648 0.00045
2458328.0578 0.99994373 0.00045
2458328.0786 1.0002571 0.00045
2458328.0995 1.0001822 0.00045
2458328.1203 1.0004075 0.00045
2458328.1411 0.99945257 0.00045
2458328.1620 0.99996098 0.00045
2458328.1828 0.99941943 0.00045
2458328.2036 0.99990972 0.00045
2458328.2245 1.0005812 0.00045
2458328.2453 0.99941188 0.00045
2458328.2661 1.0003255 0.00045
2458328.2870 0.99975679 0.00045
2458328.3078 1.0000278 0.00045
2458328.3286 0.99982425 0.00045
2458328.3495 1.0002941 0.00045
2458328.3703 1.0000406 0.00045
2458328.3911 1.0002716 0.00045
2458328.4120 0.99930772 0.00045
2458328.4328 0.99990433 0.00045
2458328.4536 1.0000963 0.00045
2458328.4745 1.0005022 0.00045
2458328.4953 1.0002106 0.00045
2458328.5161 0.99972411 0.00045
2458328.5370 0.99964374 0.00045
2458328.5578 1.0001071 0.00045
2458328.5786 1.0001286 0.00045
2458328.5995 0.99989046 0.00045
2458328.6203 0.99964792 0.00045
2458328.6411 1.0007269 0.00045
2458328.6620 1.0006150 0.00045
2458328.6828 1.0003155 0.00045
2458328.7036 0.99974081 0.00045
2458328.7245 0.99962281 0.00045
2458328.7453 0.99978779 0.00045
2458328.7661 1.0000084 0.00045
2458328.7870 1.0004302 0.00045
2458328.8078 1.0001189 0.00045
2458328.8286 0.99972150 0.00045
2458328.8495 0.99991373 0.00045
2458328.8703 0.99966076 0.00045
2458328.8911 1.0000924 0.00045
2458328.9120 0.99998438 0.00045
2458328.9328 0.99991547 0.00045
2458328.9536 0.99983994 0.00045
2458328.9745 1.0003314 0.00045
2458328.9953 0.99985050 0.00045
2458329.0161 1.0007988 0.00045
2458329.0370 1.0000490 0.00045
2458329.0578 0.99961473 0.00045
2458329.0786 1.0004470 0.00045
2458329.0995 1.0003363 0.00045
2458329.1203 0.99957326 0.00045
2458329.1411 1.0001462 0.00045
2458329.1620 0.99947643 0.00045
2458329.1828 0.99888492 0.00045
2458329.2036 1.0003239 0.00045
2458329.2245 0.99979581 0.00045
2458329.2453 1.0000342 0.00045
2458329.2661 0.99964044 0.00045
2458329.2870 0.99985865 0.00045
2458329.3078 1.0004702 0.00045
2458329.3286 1.0005146 0.00045
2458329.3495 0.99987263 0.00045
2458329.3703 0.99977221 0.00045
2458329.3911 1.0000146 0.00045
2458329.4120 1.0005830 0.00045
2458329.4328 0.99967965 0.00045
2458329.4536 1.0000816 0.00045
2458329.4745 0.99952500 0.00045
2458329.4953 1.0007233 0.00045
2458329.5161 0.99987411 0.00045
2458329.5370 0.99971716 0.00045
2458329.5578 0.99920382 0.00045
2458329.5786 1.0012311 0.00045
2458329.5995 1.0002144 0.00045
2458329.6203 0.99942753 0.00045
2458329.6411 0.99996988 0.00045
2458329.6620 1.0005212 0.00045
2458329.6828 0.99972263 0.00045
2458329.7036 1.0008102 0.00045
2458329.7245 1.0002418 0.00045
2458329.7453 1.0007050 0.00045
2458329.7661 1.0005907 0.00045
2458329.7870 1.0004926 0.00045
2458329.8078 1.0002588 0.00045
2458329.8286 0.99996247 0.00045
2458329.8495 0.99994963 0.00045
2458329.8703 0.99965439 0.00045
2458329.8911 1.0002347 0.00045
2458329.9120 1.0000635 0.00045
2458329.9328 0.99993684 0.00045
2458329.9536 0.99986238 0.00045
2458329.9745 0.99892385 0.00045
2458329.9953 0.99913115 0.00045
2458330.0161 0.99913904 0.00045
2458330.0370 1.0001222 0.00045
2458330.0578 1.0009012 0.00045
2458330.0787 0.99990534 0.00045
2458330.0995 0.99969173 0.00045
2458330.1203 1.0002508 0.00045
2458330.1412 0.99960029 0.00045
2458330.1620 1.0004239 0.00045
2458330.1828 1.0000305 0.00045
2458330.2037 0.99976575 0.00045
2458330.2245 1.0001420 0.00045
2458330.2453 1.0005979 0.00045
2458330.2662 0.99997788 0.00045
2458330.2870 0.99968130 0.00045
2458330.3078 0.99992910 0.00045
2458330.3287 0.99967342 0.00045
2458330.3703 0.99984914 0.00045
2458330.3912 0.99996993 0.00045
2458330.4120 1.0006845 0.00045
2458330.4328 0.99950279 0.00045
2458330.4537 0.99990115 0.00045
2458330.4745 1.0002936 0.00045
2458330.4953 0.99927560 0.00045
2458330.5162 1.0006573 0.00045
2458330.5370 1.0002613 0.00045
2458330.5578 1.0005049 0.00045
2458330.5787 0.99966346 0.00045
2458330.5995 0.99969633 0.00045
2458330.6203 1.0000951 0.00045
2458330.6412 1.0002622 0.00045
2458330.6620 1.0004487 0.00045
2458330.6828 0.99999252 0.00045
2458330.7037 0.99977830 0.00045
2458330.7245 1.0002534 0.00045
2458330.7453 0.99993888 0.00045
2458330.7662 0.99971957 0.00045
2458330.7870 0.99988852 0.00045
2458330.8078 1.0001992 0.00045
2458330.8287 1.0006682 0.00045
2458330.8495 0.99989707 0.00045
2458330.8703 0.99947439 0.00045
2458330.8912 1.0004083 0.00045
2458330.9120 0.99937350 0.00045
2458330.9328 0.99993139 0.00045
2458330.9537 1.0000644 0.00045
2458330.9745 1.0001568 0.00045
2458330.9953 1.0000927 0.00045
2458331.0162 1.0001835 0.00045
2458331.0370 0.99924806 0.00045
2458331.0578 0.99975215 0.00045
2458331.0787 0.99989833 0.00045
2458331.0995 1.0001141 0.00045
2458331.1203 0.99991568 0.00045
2458331.1412 1.0002437 0.00045
2458331.1620 1.0001568 0.00045
2458331.1828 1.0001037 0.00045
2458331.2037 0.99997660 0.00045
2458331.2245 1.0001580 0.00045
2458331.2453 1.0002105 0.00045
2458331.2662 1.0003732 0.00045
2458331.2870 0.99967164 0.00045
2458331.3078 0.99966585 0.00045
2458331.3287 1.0000416 0.00045
2458331.3495 0.99975778 0.00045
2458331.3703 1.0001142 0.00045
2458331.3912 0.99969900 0.00045
2458331.4120 0.99988461 0.00045
2458331.4328 0.99960887 0.00045
2458331.4537 0.99961060 0.00045
2458331.4745 1.0007699 0.00045
2458331.4953 0.99972850 0.00045
2458331.5162 1.0006497 0.00045
2458331.5370 1.0000375 0.00045
2458331.5578 0.99979336 0.00045
2458331.5787 1.0000590 0.00045
2458331.5995 1.0002784 0.00045
2458331.6203 0.99955053 0.00045
2458331.6412 1.0003944 0.00045
2458331.6620 0.99990261 0.00045
2458331.6828 0.99989280 0.00045
2458331.7037 1.0006445 0.00045
2458331.7245 1.0008242 0.00045
2458331.7453 0.99998369 0.00045
2458331.7662 0.99966732 0.00045
2458331.7870 0.99991234 0.00045
2458331.8078 1.0000159 0.00045
2458331.8287 1.0003301 0.00045
2458331.8495 0.99922724 0.00045
2458331.8703 0.99970116 0.00045
2458331.8912 0.99991807 0.00045
2458331.9120 0.99974239 0.00045
2458331.9328 0.99969069 0.00045
2458331.9537 0.99967506 0.00045
2458331.9745 0.99986228 0.00045
2458331.9953 1.0004291 0.00045
2458332.0162 0.99939308 0.00045
2458332.0370 1.0004274 0.00045
2458332.0578 0.99958937 0.00045
2458332.0787 1.0001500 0.00045
2458332.0995 1.0006214 0.00045
2458332.1203 1.0008875 0.00045
2458332.1412 1.0001499 0.00045
2458332.1620 1.0001413 0.00045
2458332.1828 0.99981609 0.00045
2458332.2037 1.0001472 0.00045
2458332.2245 1.0005579 0.00045
2458332.2453 0.99964655 0.00045
2458332.2662 0.99998525 0.00045
2458332.2870 0.99986651 0.00045
2458332.3078 0.99978885 0.00045
2458332.3287 0.99931565 0.00045
2458332.3495 1.0002996 0.00045
2458332.3703 0.99963912 0.00045
2458332.3912 1.0000822 0.00045
2458332.4328 0.99964561 0.00045
2458332.4537 0.99960106 0.00045
2458332.4745 0.99989377 0.00045
2458332.4953 0.99935632 0.00045
2458332.5162 1.0004424 0.00045
2458332.5370 1.0004861 0.00045
2458332.5578 0.99980875 0.00045
2458332.5787 0.99975921 0.00045
2458332.5995 0.99996691 0.00045
2458332.6203 1.0006751 0.00045
2458332.6412 1.0007942 0.00045
2458332.6620 0.99981918 0.00045
2458332.6828 1.0002306 0.00045
2458332.7037 0.99969488 0.00045
2458332.7245 0.99989764 0.00045
2458332.7453 1.0010526 0.00045
2458332.7662 1.0002852 0.00045
2458332.7870 0.99972579 0.00045
2458332.8078 0.99952415 0.00045
2458332.8287 0.99968837 0.00045
2458332.8703 0.99974336 0.00045
2458332.8912 1.0000695 0.00045
2458332.9120 1.0001518 0.00045
2458332.9328 0.99955257 0.00045
2458332.9537 0.99971639 0.00045
2458332.9745 1.0005812 0.00045
2458332.9953 1.0002701 0.00045
2458333.0162 0.99991080 0.00045
2458333.0370 0.99993925 0.00045
2458333.0578 1.0002261 0.00045
2458333.0787 0.99961978 0.00045
2458333.0995 1.0004617 0.00045
2458333.1203 1.0003760 0.00045
2458333.1412 0.99954002 0.00045
2458333.1620 0.99955696 0.00045
2458333.1829 1.0002156 0.00045
2458333.2037 1.0001819 0.00045
2458333.2245 0.99915169 0.00045
2458333.2454 0.99967910 0.00045
2458333.2662 1.0001958 0.00045
2458333.2870 1.0001747 0.00045
2458333.3079 1.0000080 0.00045
2458333.3287 1.0002609 0.00045
2458333.3495 1.0002199 0.00045
2458333.3704 0.99979519 0.00045
2458333.3912 0.99938446 0.00045
2458333.4120 0.99978263 0.00045
2458333.4329 0.99993550 0.00045
2458333.4537 1.0003107 0.00045
2458333.4745 1.0002787 0.00045
2458333.4954 0.99983784 0.00045
2458333.5162 1.0000441 0.00045
2458333.5370 1.0007250 0.00045
2458333.5579 0.99997863 0.00045
2458333.5787 1.0004449 0.00045
2458333.5995 1.0002032 0.00045
2458333.6204 0.99957158 0.00045
2458333.6412 1.0000675 0.00045
2458333.6620 0.99996089 0.00045
2458333.6829 0.99951595 0.00045
2458333.7037 1.0003411 0.00045
2458333.7245 0.99984240 0.00045
2458333.7454 1.0008302 0.00045
2458333.7662 0.99944792 0.00045
2458333.7870 0.99962555 0.00045
2458333.8079 1.0001268 0.00045
2458333.8287 0.99987937 0.00045
2458333.8495 0.99959606 0.00045
2458333.8704 0.99969812 0.00045
2458333.8912 1.0006917 0.00045
2458333.9120 1.0000803 0.00045
2458333.9329 1.0002899 0.00045
2458333.9537 0.99966965 0.00045
2458333.9745 1.0000589 0.00045
2458333.9954 0.99997980 0.00045
2458334.0162 0.99983198 0.00045
2458334.0370 1.0003207 0.00045
2458334.0579 1.0001264 0.00045
2458334.0787 1.0005540 0.00045
2458334.0995 0.99902241 0.00045
2458334.1204 1.0000790 0.00045
2458334.1412 0.99983232 0.00045
2458334.1620 0.99989527 0.00045
2458334.1829 0.99946257 0.00045
2458334.2037 1.0000361 0.00045
2458334.2245 0.99970067 0.00045
2458334.2454 1.0003771 0.00045
2458334.2662 1.0000652 0.00045
2458334.2870 1.0008482 0.00045
2458334.3079 0.99996357 0.00045
2458334.3287 0.99936912 0.00045
2458334.3495 1.0000386 0.00045
2458334.3704 1.0007252 0.00045
2458334.3912 1.0002086 0.00045
2458334.4120 1.0006915 0.00045
2458334.4329 0.99975252 0.00045
2458334.4537 1.0003123 0.00045
2458334.4745 0.99978576 0.00045
2458334.4954 0.99925827 0.00045
2458334.5162 0.99966843 0.00045
2458334.5370 1.0002620 0.00045
2458334.5579 0.99979167 0.00045
2458334.5787 0.99974535 0.00045
2458334.5995 0.99979647 0.00045
2458334.6204 0.99947321 0.00045
2458334.6412 1.0001511 0.00045
2458334.6620 0.99971742 0.00045
2458334.6829 1.0001636 0.00045
2458334.7037 1.0003648 0.00045
2458334.7245 0.99976445 0.00045
2458334.7454 1.0001040 0.00045
2458334.7662 0.99998108 0.00045
2458334.7870 1.0006564 0.00045
2458334.8079 1.0000756 0.00045
2458334.8287 1.0004854 0.00045
2458334.8495 1.0004846 0.00045
2458334.8704 0.99970030 0.00045
2458334.8912 0.99975534 0.00045
2458334.9120 0.99998933 0.00045
2458334.9329 1.0006348 0.00045
2458334.9537 0.99959375 0.00045
2458334.9745 0.99953531 0.00045
2458335.0162 0.99827367 0.00045
2458335.0370 0.99986779 0.00045
2458335.0579 0.99986330 0.00045
2458335.0787 1.0003581 0.00045
2458335.0995 0.99959499 0.00045
2458335.1204 0.99916876 0.00045
2458335.1412 0.99981868 0.00045
2458335.1620 1.0006825 0.00045
2458335.1829 0.99978328 0.00045
2458335.2037 1.0008094 0.00045
2458335.2245 0.99952923 0.00045
2458335.2454 1.0005303 0.00045
2458335.2662 1.0001147 0.00045
2458335.2870 0.99981896 0.00045
2458335.3079 0.99965730 0.00045
2458335.3287 1.0001104 0.00045
2458335.3704 0.99967366 0.00045
2458335.3912 1.0004255 0.00045
2458335.4120 1.0002312 0.00045
2458335.4329 0.99953843 0.00045
2458335.4537 0.99991403 0.00045
2458335.4745 1.0002537 0.00045
2458335.4954 1.0005991 0.00045
2458335.5162 1.0000698 0.00045
2458335.5370 1.0012892 0.00045
2458335.5579 1.0000108 0.00045
2458335.5787 0.99966580 0.00045
2458335.5995 0.99935709 0.00045
2458335.6204 1.0000900 0.00045
2458335.6412 0.99989957 0.00045
2458335.6620 1.0000239 0.00045
2458335.6829 0.99993540 0.00045
2458335.7037 1.0000756 0.00045
2458335.7245 1.0002466 0.00045
2458335.7454 0.99977454 0.00045
2458335.7662 0.99952183 0.00045
2458335.7870 1.0003326 0.00045
2458335.8079 0.99969047 0.00045
2458335.8287 1.0003319 0.00045
2458335.8495 1.0001154 0.00045
2458335.8704 0.99963768 0.00045
2458335.8912 1.0008209 0.00045
2458335.9120 1.0002511 0.00045
2458335.9329 1.0000763 0.00045
2458335.9537 1.0000453 0.00045
2458335.9745 0.99997287 0.00045
2458335.9954 1.0006194 0.00045
2458336.0162 0.99981589 0.00045
2458336.0370 0.99987170 0.00045
2458336.0579 0.99965791 0.00045
2458336.0787 0.99983716 0.00045
2458336.0995 0.99989730 0.00045
2458336.1204 0.99980699 0.00045
2458336.1412 1.0002809 0.00045
2458336.1620 0.99961700 0.00045
2458336.1829 0.99978273 0.00045
2458336.2037 0.99975419 0.00045
2458336.2245 0.99983968 0.00045
2458336.2454 1.0001196 0.00045
2458336.2662 0.99929466 0.00045
2458336.2870 1.0000761 0.00045
2458336.3079 0.99770070 0.00045
2458336.3287 0.99705217 0.00045
2458336.3495 0.99604141 0.00045
2458336.3704 0.99618114 0.00045
2458336.3912 0.99687140 0.00045
2458336.4120 0.99631376 0.00045
2458336.4329 0.99607016 0.00045
2458336.4537 0.99552059 0.00045
2458336.4745 0.99794597 0.00045
2458336.4954 0.99915833 0.00045
2458336.5162 0.99980582 0.00045
2458336.5370 0.99933756 0.00045
2458336.5579 1.0003187 0.00045
2458336.5787 0.99992811 0.00045
2458336.5995 1.0007523 0.00045
2458336.6204 0.99996090 0.00045
2458336.6412 1.0007219 0.00045
2458336.6620 0.99973588 0.00045
2458336.6829 0.99964235 0.00045
2458336.7245 0.99957197 0.00045
2458336.7454 0.99953163 0.00045
2458336.7662 1.0003052 0.00045
2458336.7870 1.0005062 0.00045
2458336.8079 1.0007911 0.00045
2458336.8287 0.99959511 0.00045
2458336.8495 0.99928332 0.00045
2458336.8704 1.0001020 0.00045
2458336.8912 0.99953810 0.00045
2458336.9120 0.99990342 0.00045
2458336.9329 1.0001158 0.00045
2458336.9537 0.99998341 0.00045
2458336.9745 0.99926486 0.00045
2458336.9954 1.0004588 0.00045
2458337.0162 0.99975291 0.00045
2458337.0370 1.0003788 0.00045
2458337.0579 0.99968695 0.00045
2458337.0787 1.0000167 0.00045
2458337.0995 1.0001657 0.00045
2458337.1204 1.0003694 0.00045
2458337.1412 0.99994272 0.00045
2458337.1620 1.0006561 0.00045
2458337.1829 0.99969368 0.00045
2458337.2037 0.99984571 0.00045
2458337.2245 0.99924825 0.00045
2458337.2454 1.0004406 0.00045
2458337.2662 0.99946073 0.00045
2458337.2870 1.0009929 0.00045
2458337.3079 1.0004611 0.00045
2458337.3287 0.99998563 0.00045
2458337.3495 1.0008068 0.00045
2458337.3704 0.99990352 0.00045
2458337.3912 0.99979236 0.00045
2458337.4120 0.99972405 0.00045
2458337.4329 0.99983673 0.00045
2458337.4537 0.99906983 0.00045
2458337.4745 0.99973807 0.00045
2458337.4954 1.0000774 0.00045
2458337.5162 1.0004546 0.00045
2458337.5370 1.0006955 0.00045
2458337.5579 1.0000461 0.00045
2458337.5787 0.99937275 0.00045
2458337.5995 1.0000690 0.00045
2458337.6204 0.99955575 0.00045
2458337.6412 0.99996983 0.00045
2458337.6620 1.0002428 0.00045
2458337.6829 0.99994960 0.00045
2458337.7037 0.99919016 0.00045
2458337.7245 1.0002682 0.00045
2458337.7454 1.0005155 0.00045
2458337.7662 0.99979970 0.00045
2458337.7870 0.99971974 0.00045
2458337.8079 1.0003045 0.00045
2458337.8287 0.99993650 0.00045
2458337.8704 1.0003337 0.00045
2458337.8912 0.99969001 0.00045
2458337.9121 1.0005436 0.00045
2458337.9329 1.0001530 0.00045
2458337.9537 0.99995248 0.00045
2458337.9746 1.0008913 0.00045
2458337.9954 0.99976620 0.00045
2458338.0162 0.99967472 0.00045
2458338.0371 0.99985548 0.00045
2458338.0579 0.99972180 0.00045
2458338.0787 0.99965869 0.00045
2458338.0996 1.0000015 0.00045
2458338.4121 1.0000756 0.00045
2458338.4329 1.0004979 0.00045
2458338.4537 0.99972556 0.00045
2458338.4746 0.99991286 0.00045
2458338.4954 1.0001030 0.00045
2458338.5162 0.99983426 0.00045
2458339.6829 0.99988209 0.00045
2458339.7037 0.99974146 0.00045
2458339.7246 1.0003721 0.00045
2458339.7454 1.0008911 0.00045
2458339.7662 0.99963748 0.00045
2458339.7871 1.0000523 0.00045
2458339.8079 0.99981519 0.00045
2458339.8287 0.99968129 0.00045
2458339.8496 0.99945330 0.00045
2458339.8704 1.0000658 0.00045
2458339.8912 0.99990394 0.00045
2458339.9121 1.0003516 0.00045
2458339.9329 0.99999748 0.00045
2458339.9537 0.99918648 0.00045
2458339.9746 1.0003656 0.00045
2458339.9954 1.0001922 0.00045
2458340.0162 0.99964052 0.00045
2458340.0371 0.99954069 0.00045
2458340.0579 1.0006148 0.00045
2458340.0787 1.0007454 0.00045
2458340.0996 1.0008364 0.00045
2458340.1204 0.99993681 0.00045
2458340.1412 1.0000101 0.00045
2458340.1621 0.99998954 0.00045
2458340.1829 1.0001948 0.00045
2458340.2037 0.99951158 0.00045
2458340.2246 0.99999084 0.00045
2458340.2454 0.99962889 0.00045
2458340.2662 1.0004576 0.00045
2458340.2871 0.99943270 0.00045
2458340.3079 0.99956045 0.00045
2458340.3287 0.99939827 0.00045
2458340.3496 1.0001697 0.00045
2458340.3704 1.0007149 0.00045
2458340.3912 1.0000845 0.00045
2458340.4121 0.99976403 0.00045
2458340.4329 1.0002756 0.00045
2458340.4537 0.99940442 0.00045
2458340.4746 1.0001124 0.00045
2458340.4954 1.0005465 0.00045
2458340.5162 1.0002956 0.00045
2458340.5371 1.0000579 0.00045
2458340.5579 0.99947892 0.00045
2458340.5787 1.0002050 0.00045
2458340.5996 0.99927274 0.00045
2458340.6204 1.0009976 0.00045
2458340.6412 0.99956477 0.00045
2458340.6621 0.99946329 0.00045
2458340.6829 1.0001771 0.00045
2458340.7037 1.0005232 0.00045
2458340.7245 1.0000570 0.00045
2458340.7454 0.99962975 0.00045
2458340.7662 1.0001861 0.00045
2458340.7870 0.99959566 0.00045
2458340.8079 1.0000317 0.00045
2458340.8287 0.99997138 0.00045
2458340.8495 0.99979686 0.00045
2458340.8704 1.0000709 0.00045
2458340.8912 1.0003775 0.00045
2458340.9120 1.0002467 0.00045
2458340.9329 0.99961118 0.00045
2458340.9537 1.0002972 0.00045
2458340.9745 1.0000709 0.00045
2458340.9954 0.99981052 0.00045
2458341.0162 0.99933165 0.00045
2458341.0370 1.0008100 0.00045
2458341.0579 0.99966853 0.00045
2458341.0787 1.0000758 0.00045
2458341.0995 0.99987442 0.00045
2458341.1204 1.0001586 0.00045
2458341.1412 1.0006069 0.00045
2458341.1620 1.0003124 0.00045
2458341.1829 1.0005837 0.00045
2458341.2037 0.99991172 0.00045
2458341.2245 0.99970045 0.00045
2458341.2454 0.99995168 0.00045
2458341.2662 1.0004309 0.00045
2458341.2870 0.99992102 0.00045
2458341.3079 0.99948713 0.00045
2458341.3287 0.99922769 0.00045
2458341.3495 0.99975123 0.00045
2458341.3704 0.99908640 0.00045
2458341.3912 1.0000233 0.00045
2458341.4120 0.99977396 0.00045
2458341.4329 0.99967769 0.00045
2458341.4537 0.99973674 0.00045
2458341.4745 1.0004949 0.00045
2458341.4954 1.0004742 0.00045
2458341.5162 1.0001999 0.00045
2458341.5370 1.0002241 0.00045
2458341.5579 1.0003494 0.00045
2458341.5787 1.0005721 0.00045
2458341.5995 1.0014415 0.00045
2458341.6204 0.99960830 0.00045
2458341.6412 1.0003549 0.00045
2458341.6620 1.0000837 0.00045
2458341.6829 0.99983538 0.00045
2458341.7245 0.99979518 0.00045
2458341.7454 0.99998929 0.00045
2458341.7662 1.0001354 0.00045
2458341.7870 1.0005576 0.00045
2458341.8079 1.0000645 0.00045
2458341.8287 1.0007586 0.00045
2458341.8495 0.99965145 0.00045
2458341.8704 0.99985971 0.00045
2458341.8912 0.99993760 0.00045
2458341.9120 0.99983471 0.00045
2458341.9329 1.0003629 0.00045
2458341.9537 0.99994892 0.00045
2458341.9745 0.99998638 0.00045
2458341.9954 1.0002550 0.00045
2458342.0162 0.99880975 0.00045
2458342.0370 1.0002185 0.00045
2458342.0579 0.99959879 0.00045
2458342.0995 0.99868697 0.00045
2458342.1204 1.0000399 0.00045
2458342.1412 0.99988416 0.00045
2458342.1620 0.99975230 0.00045
2458342.2245 0.99998058 0.00045
2458342.2454 1.0001925 0.00045
2458342.2662 1.0005531 0.00045
2458342.2870 1.0001381 0.00045
2458342.3079 0.99999460 0.00045
2458342.3287 0.99989928 0.00045
2458342.3495 0.99926970 0.00045
2458342.3704 1.0007194 0.00045
2458342.3912 1.0007368 0.00045
2458342.4120 1.0008688 0.00045
2458342.4329 1.0006615 0.00045
2458342.4537 1.0004183 0.00045
2458342.4745 0.99995805 0.00045
2458342.4954 1.0000120 0.00045
2458342.5162 0.99928751 0.00045
2458342.5370 1.0001303 0.00045
2458342.5579 0.99955088 0.00045
2458342.5787 0.99973757 0.00045
2458342.5995 0.99983029 0.00045
2458342.6204 1.0001966 0.00045
2458342.6412 0.99938200 0.00045
2458342.6620 0.99994819 0.00045
2458342.6829 0.99970740 0.00045
2458342.7037 1.0001310 0.00045
2458342.7245 1.0001969 0.00045
2458342.7454 1.0005238 0.00045
2458342.7662 0.99989831 0.00045
2458342.7870 0.99982289 0.00045
2458342.8079 1.0001826 0.00045
2458342.8287 0.99938990 0.00045
2458342.8495 0.99947993 0.00045
2458342.8704 1.0005144 0.00045
2458342.8912 1.0001751 0.00045
2458342.9120 0.99935754 0.00045
2458342.9329 1.0003835 0.00045
2458342.9537 1.0003633 0.00045
2458342.9745 1.0000416 0.00045
2458342.9954 1.0002650 0.00045
2458343.0162 0.99953983 0.00045
2458343.0370 0.99954610 0.00045
2458343.0579 0.99986843 0.00045
2458343.0787 1.0001518 0.00045
2458343.0995 0.99957809 0.00045
2458343.1204 0.99964935 0.00045
2458343.1412 1.0007713 0.00045
2458343.1620 1.0002836 0.00045
2458343.1829 0.99988375 0.00045
2458343.2037 0.99941358 0.00045
2458343.2245 1.0001243 0.00045
2458343.2454 1.0006476 0.00045
2458343.2662 1.0007169 0.00045
2458343.2870 1.0003403 0.00045
2458343.3079 1.0008221 0.00045
2458343.3287 1.0003988 0.00045
2458343.3495 0.99994696 0.00045
2458343.3704 0.99987411 0.00045
2458343.3912 0.99985671 0.00045
2458343.4120 0.99969577 0.00045
2458343.4329 0.99962698 0.00045
2458343.4537 1.0001690 0.00045
2458343.4745 1.0001957 0.00045
2458343.4954 1.0001065 0.00045
2458343.5162 0.99952046 0.00045
2458343.5370 1.0003675 0.00045
2458343.5579 0.99864558 0.00045
2458343.5787 0.99978026 0.00045
2458343.5995 0.99953810 0.00045
2458343.6204 1.0002409 0.00045
2458343.6412 0.99960094 0.00045
2458343.6620 0.99970610 0.00045
2458343.6829 1.0000051 0.00045
2458343.7037 0.99995224 0.00045
2458343.7245 1.0004752 0.00045
2458343.7454 1.0001049 0.00045
2458343.7662 0.99998596 0.00045
2458343.7870 0.99943407 0.00045
2458343.8079 0.99990997 0.00045
2458343.8287 1.0002051 0.00045
2458343.8495 0.99944167 0.00045
2458343.8704 1.0003745 0.00045
2458343.8912 0.99985288 0.00045
2458343.9120 1.0001649 0.00045
2458343.9329 1.0000697 0.00045
2458343.9537 1.0001104 0.00045
2458343.9745 1.0005921 0.00045
2458343.9954 1.0001068 0.00045
2458344.0162 0.99973399 0.00045
2458344.0370 1.0006213 0.00045
2458344.0579 1.0004847 0.00045
2458344.0787 1.0001018 0.00045
2458344.0995 0.99994571 0.00045
2458344.1204 1.0005557 0.00045
2458344.1412 0.99961098 0.00045
2458344.1620 0.99985254 0.00045
2458344.1829 1.0012015 0.00045
2458344.2037 1.0002080 0.00045
2458344.2245 0.99982218 0.00045
2458344.2454 0.99980377 0.00045
2458344.2870 0.99882933 0.00045
2458344.3079 0.99954052 0.00045
2458344.3287 0.99932867 0.00045
2458344.3495 1.0007515 0.00045
2458344.3704 1.0002465 0.00045
2458344.3912 0.99965429 0.00045
2458344.4120 1.0000651 0.00045
2458344.4329 0.99962694 0.00045
2458344.4537 0.99970697 0.00045
2458344.4745 1.0004502 0.00045
2458344.4954 1.0006650 0.00045
2458344.5162 1.0001204 0.00045
2458344.5370 0.99969751 0.00045
2458344.5579 0.99963827 0.00045
2458344.5787 0.99965765 0.00045
2458344.5995 0.99939442 0.00045
2458344.6204 1.0005913 0.00045
2458344.6412 1.0001694 0.00045
2458344.6620 0.99963203 0.00045
2458344.7245 1.0008461 0.00045
2458344.7454 1.0003425 0.00045
2458344.7662 0.99937247 0.00045
2458344.7870 0.99942734 0.00045
2458344.8079 1.0001195 0.00045
2458344.8287 1.0004932 0.00045
2458344.8495 0.99988403 0.00045
2458344.8704 0.99964451 0.00045
2458344.8912 1.0007906 0.00045
2458344.9120 0.99988618 0.00045
2458344.9329 1.0000500 0.00045
2458344.9537 1.0001547 0.00045
2458344.9745 0.99981999 0.00045
2458344.9954 0.99947098 0.00045
2458345.0162 1.0008372 0.00045
2458345.0370 1.0001386 0.00045
2458345.0579 1.0006920 0.00045
2458345.0787 0.99895856 0.00045
2458345.0995 0.99971637 0.00045
2458345.1204 0.99965444 0.00045
2458345.1412 0.99946564 0.00045
2458345.1620 1.0002330 0.00045
2458345.1829 1.0001871 0.00045
2458345.2037 1.0004099 0.00045
2458345.2245 0.99990686 0.00045
2458345.2453 0.99950196 0.00045
2458345.2662 1.0009150 0.00045
2458345.2870 0.99978287 0.00045
2458345.3078 1.0000801 0.00045
2458345.3287 1.0000876 0.00045
2458345.3495 1.0006173 0.00045
2458345.3703 1.0000324 0.00045
2458345.3912 0.99945870 0.00045
2458345.4120 1.0003001 0.00045
2458345.4328 1.0001899 0.00045
2458345.4537 0.99972557 0.00045
2458345.4745 0.99895412 0.00045
2458345.4953 0.99974486 0.00045
2458345.5162 0.99948882 0.00045
2458345.5370 1.0000656 0.00045
2458345.5578 1.0000587 0.00045
2458345.5787 1.0006437 0.00045
2458345.5995 1.0001684 0.00045
2458345.6203 0.99969388 0.00045
2458345.6412 1.0002915 0.00045
2458345.6620 1.0005650 0.00045
2458345.6828 0.99986973 0.00045
2458345.7037 0.99965848 0.00045
2458345.7245 1.0007872 0.00045
2458345.7453 1.0011265 0.00045
2458345.7662 1.0005985 0.00045
2458345.7870 0.99803248 0.00045
2458345.8078 0.99685692 0.00045
2458345.8287 0.99692200 0.00045
2458345.8495 0.99695401 0.00045
2458345.8703 0.99631982 0.00045
2458345.8912 0.99686036 0.00045
2458345.9120 0.99696378 0.00045
2458345.9328 0.99665512 0.00045
2458345.9537 0.99683519 0.00045
2458345.9745 1.0008825 0.00045
2458345.9953 1.0004953 0.00045
2458346.0162 0.99961185 0.00045
2458346.0370 1.0002003 0.00045
2458346.0578 1.0000152 0.00045
2458346.0787 1.0000304 0.00045
2458346.0995 0.99947668 0.00045
2458346.1203 1.0001801 0.00045
2458346.1412 0.99996996 0.00045
2458346.1620 1.0007758 0.00045
2458346.1828 0.99972113 0.00045
2458346.2037 0.99979378 0.00045
2458346.2245 0.99978658 0.00045
2458346.2453 0.99997318 0.00045
2458346.2662 0.99992054 0.00045
2458346.2870 0.99976002 0.00045
2458346.3078 0.99957611 0.00045
2458346.3287 1.0006078 0.00045
2458346.3495 0.99972750 0.00045
2458346.3703 0.99989675 0.00045
2458346.3912 0.99990998 0.00045
2458346.4120 1.0013992 0.00045
2458346.4328 1.0002989 0.00045
2458346.4537 1.0001724 0.00045
2458346.4745 0.99961078 0.00045
2458346.4953 0.99959197 0.00045
2458346.5162 1.0002323 0.00045
2458346.5370 1.0001406 0.00045
2458346.5578 1.0006971 0.00045
2458346.5787 1.0013357 0.00045
2458346.5995 1.0005808 0.00045
2458346.6203 0.99960694 0.00045
2458346.6412 1.0003491 0.00045
2458346.6620 0.99957275 0.00045
2458346.6828 0.99901424 0.00045
2458346.7037 0.99955342 0.00045
2458346.7245 0.99928831 0.00045
2458346.7453 1.0001077 0.00045
2458346.7662 0.99965902 0.00045
2458346.7870 0.99971427 0.00045
2458346.8078 1.0001814 0.00045
2458346.8287 0.99994770 0.00045
2458346.8495 1.0002664 0.00045
2458346.8703 0.99990801 0.00045
2458346.8912 1.0008416 0.00045
2458346.9120 1.0007000 0.00045
2458346.9537 1.0002142 0.00045
2458346.9745 0.99907748 0.00045
2458350.0161 1.0001879 0.00045
2458350.0370 1.0003364 0.00045
2458350.0578 1.0001830 0.00045
2458350.0786 0.99955761 0.00045
2458350.0995 0.99906642 0.00045
2458350.1203 1.0002691 0.00045
2458350.1411 1.0007239 0.00045
2458350.1620 0.99965606 0.00045
2458350.1828 0.99994721 0.00045
2458350.2036 1.0002520 0.00045
2458350.2245 0.99918386 0.00045
2458350.2453 1.0002821 0.00045
2458350.2661 0.99971124 0.00045
2458350.2870 1.0000369 0.00045
2458350.3078 0.99972265 0.00045
2458350.3286 1.0003020 0.00045
2458350.3495 1.0005277 0.00045
2458350.3703 1.0004592 0.00045
2458350.3911 0.99955997 0.00045
2458350.4120 0.99990233 0.00045
2458350.4328 1.0005692 0.00045
2458350.4536 0.99954932 0.00045
2458350.4745 1.0006296 0.00045
2458350.4953 1.0002456 0.00045
2458350.5161 1.0001815 0.00045
2458350.5370 0.99990359 0.00045
2458350.5578 0.99968959 0.00045
2458350.5786 0.99948470 0.00045
2458350.5994 0.99999514 0.00045
2458350.6203 0.99981715 0.00045
2458350.6411 0.99937376 0.00045
2458350.6619 1.0001095 0.00045
2458350.6828 1.0001229 0.00045
2458350.7036 0.99986069 0.00045
2458350.7244 1.0006397 0.00045
2458350.7453 0.99981884 0.00045
2458350.7661 1.0003052 0.00045
2458350.7869 0.99997702 0.00045
2458350.8078 0.99917668 0.00045
2458350.8286 1.0003377 0.00045
2458350.8494 1.0001016 0.00045
2458350.8703 1.0005119 0.00045
2458350.8911 1.0001570 0.00045
2458350.9119 0.99970532 0.00045
2458350.9328 1.0007637 0.00045
2458350.9536 0.99975772 0.00045
2458350.9744 0.99968522 0.00045
2458350.9953 1.0001290 0.00045
2458351.0161 0.99981332 0.00045
2458351.0369 0.99956292 0.00045
2458351.0578 0.99995182 0.00045
2458351.0786 0.99981018 0.00045
2458351.0994 1.0000010 0.00045
2458351.1203 0.99977023 0.00045
2458351.1411 1.0003004 0.00045
2458351.1619 1.0002028 0.00045
2458351.1828 1.0005579 0.00045
2458351.2036 1.0003664 0.00045
2458351.2244 1.0002897 0.00045
2458351.2453 1.0000997 0.00045
2458351.2661 0.99905681 0.00045
2458351.2869 1.0002112 0.00045
2458351.3078 0.99888251 0.00045
2458351.3286 0.99990792 0.00045
2458351.3494 0.99991886 0.00045
2458351.3703 0.99932690 0.00045
2458351.4119 1.0003167 0.00045
2458351.4328 1.0001780 0.00045
2458351.4536 1.0006156 0.00045
2458351.4744 1.0000952 0.00045
2458351.4953 0.99963177 0.00045
2458351.5161 1.0000499 0.00045
2458351.5369 1.0003621 0.00045
2458351.5578 1.0002525 0.00045
2458351.5786 0.99988048 0.00045
2458351.5994 1.0000561 0.00045
2458351.6203 0.99947004 0.00045
2458351.6411 1.0009912 0.00045
2458351.6619 0.99940944 0.00045
2458351.6828 1.0002316 0.00045
2458351.7036 1.0006852 0.00045
2458351.7244 0.99955792 0.00045
2458351.7453 1.0002351 0.00045
2458351.7661 1.0000490 0.00045
2458351.7869 0.99969987 0.00045
2458351.8078 1.0002351 0.00045
2458351.8286 0.99992269 0.00045
2458351.8494 1.0001179 0.00045
2458351.8703 1.0007844 0.00045
2458351.8911 1.0004014 0.00045
2458351.9119 1.0001097 0.00045
2458351.9328 1.0009224 0.00045
2458351.9536 0.99974444 0.00045
2458351.9744 0.99963614 0.00045
2458351.9953 0.99927105 0.00045
2458352.0161 0.99906160 0.00045
2458352.0369 0.99974831 0.00045
2458352.0578 0.99947705 0.00045
2458352.0786 1.0000973 0.00045
2458352.0994 0.99950738 0.00045
2458352.1203 0.99977985 0.00045
2458352.1411 0.99993882 0.00045
2458352.1619 0.99933890 0.00045
2458352.2244 1.0002701 0.00045
2458352.2453 0.99983991 0.00045
2458352.2661 1.0002756 0.00045
2458352.2869 1.0001903 0.00045
2458352.3078 1.0001029 0.00045
2458352.3286 1.0004219 0.00045
2458352.3494 0.99907146 0.00045
2458352.3703 1.0006085 0.00045
2458352.3911 1.0006145 0.00045
2458352.4119 1.0003346 0.00045
2458352.4328 0.99975184 0.00045
2458352.4536 1.0001113 0.00045
2458352.4744 0.99989972 0.00045
2458352.4953 1.0001400 0.00045
2458352.5161 1.0001407 0.00045
2458352.5369 1.0002591 0.00045
2458352.5578 0.99970528 0.00045
2458352.5786 1.0004569 0.00045
2458352.5994 0.99979497 0.00045
2458352.6203 1.0002738 0.00045
2458352.6411 1.0002766 0.00045
2458352.6619 0.99995563 0.00045
2458352.6827 0.99961543 0.00045
2458352.7036 1.0001112 0.00045
2458352.7244 1.0001206 0.00045
2458352.7452 0.99954181 0.00045
2458352.7661 1.0000081 0.00045
2458352.7869 1.0002040 0.00045
2458352.8077 0.99949555 0.00045
2458352.8286 1.0002942 0.00045
2458352.8494 1.0006908 0.00045
2458352.8702 0.99998497 0.00045
2458352.8911 0.99929045 0.00045
2458352.9119 0.99951351 0.00045
2458352.9327 0.99936070 0.00045
2458352.9536 0.99952861 0.00045
2458352.9744 1.0007208 0.00045
2458352.9952 1.0006662 0.00045